Define CharList
 ( 'A', 'B', 'C', 'D', 'E', 'F', 'G', 'H', 'I', 'J', 'K', 'L', 'M', 'N', 'O', 'P',
   'Q', 'R', 'S', 'T', 'U', 'V', 'W', 'X', 'Y', 'Z', 'a', 'b', 'c', 'd', 'e', 'f',
   'g', 'h', 'i', 'j', 'k', 'l', 'm', 'n', 'o', 'p', 'q', 'r', 's', 't', 'u', 'v',
   'w', 'x', 'y', 'z', '0', '1', '2', '3', '4', '5', '6', '7', '8', '9', '~', '`',
   '!', '@', '#', '$', '%', '^', '&', '*', '(', ')', '-', '_', '=', '+', '[', '{',
   ']', '}', ';', ':',"'", '"', ',', '<', '.', '>', '/', '?', '?', '¡', 'é', '¡',
   'ê', '£', '¤', '¡', 'ì', '?', '?', '?', '¨', '¤', '¨', '¢', '?', '?', '?', '?',
   '?', '?', '¨', '¨', '¨', '¦', '¨', 'º', '?', '¨', '¬', '¨', 'ª', '?', '?', 'D',
   '?', '¨', '°', '¨', '®', '?', '?', '?', '?', '¨', '´', '¨', '²', '?', '¨', '¹',
   'Y', '?', '¨', '¤', '¨', '¢', 'a', '?', '?', '?', '?', '?', '¨', '¨', '¨', '¦',
   '¨', 'º', '?', '¨', '¬', '¨', 'ª', '?', '?', 'e', '?', '¨', '°', '¨', '®', '?',
   '?', '?', '?', '¨', '´', '¨', '²', '?', '¨', '¹', 'y', '?');

Define WidthList
 (  13,  11,  10,  13,  11,   8,  12,  10,   3,   7,  12,   8,  12,  12,  11,  10,
    12,  13,  11,  11,  12,  11,  15,  12,   8,  11,  12,  10,   9,  11,  10,   8,
    10,   9,   3,   6,  11,   7,  11,  11,  10,   9,  11,  12,  10,  10,  11,  10,
    13,  10,   8,  10,   7,   7,   7,   7,   7,   7,   7,   7,   7,   7,  10,   4,
     3,  10,   9,   8,  13,   5,  10,   7,   3,   4,   6,   9,   8,   7,   5,   5,
     6,   5,   4,   4,   3,   5,   3,   5,   4,   4,   7,   6,   6,   3,  16,   3,
    16,   8,  16,   3,  16,   6,   6,   6,  16,  16,  16,   9,   6,   6,   6,   6,
     6,   6,  16,  16,  16,   5,  16,   7,   6,  16,   6,  16,  12,   6,   6,  13,
     6,  16,  16,  16,  13,   6,   6,   6,   6,  16,   3,  16,   7,   6,  16,   7,
     8,   6,  16,  16,  16,   9,  12,   6,   6,   6,   6,   6,  16,  16,  16,   5,
    16,   7,   6,  16,   6,  16,  12,   6,   6,  10,   6,  16,  16,  16,  13,   6,
     6,   6,   6,  16,   3,  16,   7,   6,  16,   7,   8,   6);

Define RectList
 ( (   0,  0, 14, 19), (  15,  0, 11, 19), (  27,  0, 11, 19), (  39,  0, 13, 19),
   (  53,  0, 11, 19), (  65,  0, 10, 19), (  76,  0, 12, 19), (  89,  0, 11, 19),
   ( 101,  0,  3, 19), ( 105,  0,  7, 19), ( 113,  0, 13, 19), ( 127,  0,  8, 19),
   ( 136,  0, 13, 19), ( 150,  0, 12, 19), ( 163,  0, 11, 19), ( 175,  0, 12, 19),
   ( 188,  0, 15, 19), ( 204,  0, 14, 19), ( 219,  0, 12, 19), ( 232,  0, 12, 19),
   ( 245,  0, 12, 19), ( 258,  0, 11, 19), ( 270,  0, 14, 19), ( 285,  0, 12, 19),
   ( 298,  0,  9, 19), ( 308,  0, 12, 19), ( 321,  0, 11, 19), ( 333,  0,  9, 19),
   ( 343,  0,  9, 19), ( 353,  0, 11, 19), ( 365,  0,  9, 19), ( 375,  0,  8, 19),
   ( 384,  0, 10, 19), ( 395,  0,  8, 19), ( 404,  0,  3, 19), ( 408,  0,  6, 19),
   ( 415,  0, 11, 19), ( 427,  0,  8, 19), ( 436,  0, 11, 19), ( 448,  0, 10, 19),
   ( 459,  0,  9, 19), ( 469,  0, 10, 19), ( 480,  0, 12, 19), ( 493,  0, 11, 19),
   ( 505,  0, 10, 19), ( 516,  0, 10, 19), ( 527,  0, 10, 19), ( 538,  0,  9, 19),
   ( 548,  0, 11, 19), ( 560,  0, 10, 19), ( 571,  0,  8, 19), ( 580,  0, 10, 19),
   ( 591,  0,  8, 19), ( 600,  0,  5, 19), ( 606,  0,  8, 19), ( 615,  0,  7, 19),
   ( 623,  0,  8, 19), ( 632,  0,  8, 19), ( 641,  0,  7, 19), ( 649,  0,  8, 19),
   ( 658,  0,  8, 19), ( 667,  0,  7, 19), ( 675,  0,  9, 19), ( 685,  0,  5, 19),
   ( 691,  0,  4, 19), ( 696,  0, 10, 19), ( 707,  0,  9, 19), ( 717,  0,  9, 19),
   ( 727,  0, 14, 19), ( 742,  0,  7, 19), ( 750,  0, 10, 19), ( 761,  0,  7, 19),
   ( 769,  0,  4, 19), ( 774,  0,  5, 19), ( 780,  0,  6, 19), ( 787,  0, 10, 19),
   ( 798,  0,  8, 19), ( 807,  0,  8, 19), ( 816,  0,  5, 19), ( 822,  0,  6, 19),
   ( 829,  0,  6, 19), ( 836,  0,  6, 19), ( 843,  0,  4, 19), ( 848,  0,  4, 19),
   ( 853,  0,  3, 19), ( 857,  0,  5, 19), ( 863,  0,  3, 19), ( 867,  0,  5, 19),
   ( 873,  0,  4, 19), ( 878,  0,  5, 19), ( 884,  0,  7, 19), ( 892,  0,  6, 19),
   ( 899,  0,  6, 19), ( 906,  0,  6, 19), ( 913,  0,  8, 19), ( 922,  0,  6, 19),
   ( 929,  0,  8, 19), ( 938,  0, 12, 19), ( 951,  0,  8, 19), ( 960,  0,  6, 19),
   ( 967,  0,  6, 19), ( 974,  0,  6, 19), ( 981,  0,  6, 19), ( 988,  0,  6, 19),
   ( 995,  0,  8, 19), (1004,  0,  8, 19), (1013,  0,  8, 19), (1022,  0, 13, 19),
   (1036,  0,  6, 19), (1043,  0,  6, 19), (1050,  0,  6, 19), (1057,  0,  6, 19),
   (1064,  0,  6, 19), (1071,  0,  6, 19), (1078,  0,  8, 19), (1087,  0,  8, 19),
   (1096,  0,  8, 19), (1105,  0,  5, 19), (1111,  0,  8, 19), (1120,  0, 12, 19),
   (1133,  0,  6, 19), (1140,  0,  8, 19), (1149,  0,  8, 19), (1158,  0,  8, 19),
   (1167,  0, 15, 19), (1183,  0,  6, 19), (1190,  0,  6, 19), (1197,  0, 13, 19),
   (1211,  0,  6, 19), (1218,  0,  8, 19), (1227,  0,  5, 19), (1233,  0,  8, 19),
   (1242,  0, 20, 19), (1263,  0,  6, 19), (1270,  0,  6, 19), (1277,  0,  6, 19),
   (1284,  0,  6, 19), (1291,  0,  8, 19), (1300,  0,  5, 19), (1306,  0,  8, 19),
   (1315,  0, 12, 19), (1328,  0,  6, 19), (1335,  0,  8, 19), (1344,  0,  7, 19),
   (1352,  0,  9, 19), (1362,  0,  6, 19), (1369,  0,  8, 19), (1378,  0,  8, 19),
   (1387,  0,  8, 19), (1396,  0, 13, 19), (1410,  0, 11, 19), (1422,  0,  6, 19),
   (1429,  0,  6, 19), (1436,  0,  6, 19), (1443,  0,  6, 19), (1450,  0,  6, 19),
   (1457,  0,  8, 19), (1466,  0,  8, 19), (1475,  0,  8, 19), (1484,  0,  5, 19),
   (1490,  0,  8, 19), (1499,  0, 12, 19), (1512,  0,  6, 19), (1519,  0,  8, 19),
   (1528,  0,  8, 19), (1537,  0,  8, 19), (1546,  0, 15, 19), (1562,  0,  6, 19),
   (1569,  0,  6, 19), (1576,  0,  9, 19), (1586,  0,  6, 19), (1593,  0,  8, 19),
   (1602,  0,  5, 19), (1608,  0,  8, 19), (1617,  0, 20, 19), (1638,  0,  6, 19),
   (1645,  0,  6, 19), (1652,  0,  6, 19), (1659,  0,  6, 19), (1666,  0,  8, 19),
   (1675,  0,  5, 19), (1681,  0,  8, 19), (1690,  0, 12, 19), (1703,  0,  6, 19),
   (1710,  0,  8, 19), (1719,  0,  7, 19), (1727,  0,  8, 19), (1736,  0,  6, 19));

Define OffsetList
 ( ( 0, 0), ( 0, 0), ( 0, 0), ( 0, 0), ( 0, 0), ( 0, 0), ( 0, 0), ( 0, 0),
   ( 0, 0), ( 0, 0), ( 0, 0), ( 0, 0), ( 0, 0), ( 0, 0), ( 0, 0), (-1, 0),
   ( 0, 0), ( 0, 0), ( 0, 0), ( 0, 0), ( 0, 0), ( 0, 0), ( 0, 0), ( 0, 0),
   ( 0, 0), ( 0, 0), ( 1, 0), ( 1, 0), ( 1, 0), ( 1, 0), ( 1, 0), ( 1, 0),
   ( 1, 0), ( 1, 0), ( 0, 0), ( 1, 0), ( 1, 0), ( 0, 0), ( 1, 0), ( 1, 0),
   ( 1, 0), ( 0, 0), ( 1, 0), ( 1, 0), ( 1, 0), ( 1, 0), ( 1, 0), ( 1, 0),
   ( 2, 0), ( 1, 0), ( 0, 0), ( 1, 0), ( 0, 0), ( 1, 0), ( 0, 0), ( 0, 0),
   ( 0, 0), ( 0, 0), ( 0, 0), ( 0, 0), ( 0, 0), ( 0, 0), ( 0, 0), ( 0, 0),
   ( 0, 0), ( 0, 0), ( 0, 0), ( 0, 0), ( 0, 0), (-1, 0), ( 0, 0), ( 0, 0),
   ( 0, 0), ( 0, 0), ( 0, 0), ( 0, 0), ( 0, 0), ( 0, 0), ( 0, 0), ( 0, 0),
   ( 0, 0), ( 0, 0), ( 0, 0), ( 0, 0), ( 0, 0), ( 0, 0), ( 0, 0), ( 0, 0),
   ( 0, 0), ( 0, 0), ( 0, 0), ( 0, 0), ( 0, 0), (-1, 0), ( 4, 0), (-1, 0),
   ( 4, 0), (-2, 0), ( 4, 0), (-1, 0), ( 5, 0), ( 0, 0), ( 0, 0), ( 0, 0),
   ( 4, 0), ( 4, 0), ( 4, 0), (-1, 0), ( 0, 0), ( 0, 0), ( 0, 0), ( 0, 0),
   ( 0, 0), ( 0, 0), ( 4, 0), ( 4, 0), ( 4, 0), ( 0, 0), ( 4, 0), (-2, 0),
   ( 0, 0), ( 4, 0), (-1, 0), ( 4, 0), (-1, 0), ( 0, 0), ( 0, 0), ( 0, 0),
   ( 0, 0), ( 4, 0), ( 1, 0), ( 4, 0), (-3, 0), ( 0, 0), ( 0, 0), ( 0, 0),
   ( 0, 0), ( 4, 0), (-1, 0), ( 4, 0), (-2, 0), ( 0, 0), ( 4, 0), ( 0, 0),
   ( 0, 0), ( 0, 0), ( 4, 0), ( 4, 0), ( 4, 0), (-1, 0), ( 1, 0), ( 0, 0),
   ( 0, 0), ( 0, 0), ( 0, 0), ( 0, 0), ( 4, 0), ( 4, 0), ( 4, 0), ( 0, 0),
   ( 4, 0), (-2, 0), ( 0, 0), ( 4, 0), (-1, 0), ( 4, 0), (-1, 0), ( 0, 0),
   ( 0, 0), ( 1, 0), ( 0, 0), ( 4, 0), ( 1, 0), ( 4, 0), (-3, 0), ( 0, 0),
   ( 0, 0), ( 0, 0), ( 0, 0), ( 4, 0), (-1, 0), ( 4, 0), (-2, 0), ( 0, 0),
   ( 4, 0), ( 0, 0), ( 0, 0), ( 0, 0));

CreateLayer               Main;
LayerSetImage             Main 'BrianneTod12';
LayerSetAscent            Main 15;
LayerSetCharWidths        Main CharList WidthList;
LayerSetCharWidths        Main (' ') (3);
LayerSetImageMap          Main CharList RectList;
LayerSetCharOffsets       Main CharList OffsetList;
LayerSetAscentPadding     Main 0;
LayerSetLineSpacingOffset Main 0;
LayerSetPointSize         Main 12;

SetDefaultPointSize  12;
