Define CharList
 ( 'A', 'B', 'C', 'D', 'E', 'F', 'G', 'H', 'I', 'J', 'K', 'L', 'M', 'N', 'O', 'P',
   'Q', 'R', 'S', 'T', 'U', 'V', 'W', 'X', 'Y', 'Z', 'a', 'b', 'c', 'd', 'e', 'f',
   'g', 'h', 'i', 'j', 'k', 'l', 'm', 'n', 'o', 'p', 'q', 'r', 's', 't', 'u', 'v',
   'w', 'x', 'y', 'z', '0', '1', '2', '3', '4', '5', '6', '7', '8', '9', '~', '`',
   '!', '@', '#', '$', '%', '^', '&', '*', '(', ')', '-', '_', '=', '+', '[', '{',
   ']', '}', ';', ':',"'", '"', ',', '<', '.', '>', '/', '?', '?', '¡', 'é', '¡',
   'ê', '£', '¤', '¡', 'ì', '?', '?', '?', '¨', '¤', '¨', '¢', '?', '?', '?', '?',
   '?', '?', '¨', '¨', '¨', '¦', '¨', 'º', '?', '¨', '¬', '¨', 'ª', '?', '?', 'D',
   '?', '¨', '°', '¨', '®', '?', '?', '?', '?', '¨', '´', '¨', '²', '?', '¨', '¹',
   'Y', '?', '¨', '¤', '¨', '¢', 'a', '?', '?', '?', '?', '?', '¨', '¨', '¨', '¦',
   '¨', 'º', '?', '¨', '¬', '¨', 'ª', '?', '?', 'e', '?', '¨', '°', '¨', '®', '?',
   '?', '?', '?', '¨', '´', '¨', '²', '?', '¨', '¹', 'y', '?');

Define WidthList
 (  35,  29,  28,  34,  29,  23,  31,  28,   8,  19,  33,  21,  33,  32,  30,  28,
    33,  34,  30,  30,  32,  29,  39,  31,  22,  31,  32,  26,  25,  31,  26,  21,
    28,  25,   7,  17,  30,  19,  30,  29,  27,  25,  30,  31,  27,  27,  28,  26,
    35,  28,  20,  27,  20,  19,  20,  19,  20,  20,  19,  20,  20,  19,  27,  11,
     9,  26,  23,  22,  36,  13,  28,  18,   9,  12,  16,  25,  21,  18,  13,  14,
    16,  14,   9,  11,   7,  13,   8,  12,  10,  12,  18,  17,  17,   9,  43,   9,
    43,  21,  43,   9,  43,  17,  17,  17,  43,  43,  43,  25,  17,  17,  17,  17,
    17,  17,  43,  43,  43,  13,  43,  20,  17,  43,  16,  43,  32,  17,  17,  34,
    17,  43,  43,  43,  34,  17,  17,  17,  17,  43,   7,  43,  20,  17,  43,  19,
    22,  17,  43,  43,  43,  25,  32,  17,  17,  17,  17,  17,  43,  43,  43,  13,
    43,  20,  17,  43,  16,  43,  32,  17,  17,  26,  17,  43,  43,  43,  34,  17,
    17,  17,  17,  43,   7,  43,  20,  17,  43,  19,  20,  17);

Define RectList
 ( (   0,  0, 35, 54), (  36,  0, 28, 54), (  65,  0, 29, 54), (  95,  0, 35, 54),
   ( 131,  0, 28, 54), ( 160,  0, 25, 54), ( 186,  0, 32, 54), ( 219,  0, 28, 54),
   ( 248,  0,  7, 54), ( 256,  0, 18, 54), ( 275,  0, 34, 54), ( 310,  0, 22, 54),
   ( 333,  0, 34, 54), ( 368,  0, 29, 54), ( 398,  0, 28, 54), ( 427,  0, 29, 54),
   ( 457,  0, 39, 54), ( 497,  0, 35, 54), ( 533,  0, 31, 54), ( 565,  0, 31, 54),
   ( 597,  0, 30, 54), ( 628,  0, 28, 54), ( 657,  0, 36, 54), ( 694,  0, 32, 54),
   ( 727,  0, 24, 54), ( 752,  0, 31, 54), ( 784,  0, 28, 54), ( 813,  0, 22, 54),
   ( 836,  0, 23, 54), ( 860,  0, 28, 54), ( 889,  0, 23, 54), ( 913,  0, 20, 54),
   ( 934,  0, 25, 54), ( 960,  0, 21, 54), ( 982,  0,  5, 54), ( 988,  0, 14, 54),
   (1003,  0, 27, 54), (1031,  0, 17, 54), (1049,  0, 27, 54), (1077,  0, 24, 54),
   (1102,  0, 23, 54), (1126,  0, 25, 54), (1152,  0, 31, 54), (1184,  0, 27, 54),
   (1212,  0, 25, 54), (1238,  0, 25, 54), (1264,  0, 24, 54), (1289,  0, 23, 54),
   (1313,  0, 30, 54), (1344,  0, 26, 54), (1371,  0, 19, 54), (1391,  0, 26, 54),
   (1418,  0, 19, 54), (1438,  0, 11, 54), (1450,  0, 20, 54), (1471,  0, 16, 54),
   (1488,  0, 20, 54), (1509,  0, 20, 54), (1530,  0, 17, 54), (1548,  0, 20, 54),
   (1569,  0, 20, 54), (1590,  0, 16, 54), (1607,  0, 23, 54), (1631,  0, 12, 54),
   (1644,  0,  8, 54), (1653,  0, 26, 54), (1680,  0, 23, 54), (1704,  0, 23, 54),
   (1728,  0, 35, 54), (1764,  0, 17, 54), (1782,  0, 26, 54), (1809,  0, 18, 54),
   (1828,  0, 11, 54), (1840,  0, 11, 54), (1852,  0, 16, 54), (1869,  0, 26, 54),
   (1896,  0, 22, 54), (1919,  0, 19, 54), (1939,  0, 13, 54), (1953,  0, 15, 54),
   (1969,  0, 13, 54), (1983,  0, 15, 54), (1999,  0,  9, 54), (2009,  0,  8, 54),
   (2018,  0,  7, 54), (2026,  0, 12, 54), (2039,  0,  7, 54), (2047,  0, 13, 54),
   (2061,  0,  8, 54), (2070,  0, 12, 54), (2083,  0, 18, 54), (2102,  0, 15, 54),
   (2118,  0, 15, 54), (2134,  0, 12, 54), (2147,  0, 21, 54), (2169,  0, 12, 54),
   (2182,  0, 21, 54), (2204,  0, 30, 54), (2235,  0, 19, 54), (2255,  0, 12, 54),
   (2268,  0, 13, 54), (2282,  0, 15, 54), (2298,  0, 15, 54), (2314,  0, 15, 54),
   (2330,  0, 19, 54), (2350,  0, 19, 54), (2370,  0, 19, 54), (2390,  0, 31, 54),
   (2422,  0, 15, 54), (2438,  0, 15, 54), (2454,  0, 15, 54), (2470,  0, 15, 54),
   (2486,  0, 15, 54), (2502,  0, 15, 54), (2518,  0, 19, 54), (2538,  0, 19, 54),
   (2558,  0, 19, 54), (2578,  0,  8, 54), (2587,  0, 19, 54), (2607,  0, 27, 54),
   (2635,  0, 15, 54), (2651,  0, 19, 54), (2671,  0, 22, 54), (2694,  0, 19, 54),
   (2714,  0, 38, 54), (2753,  0, 15, 54), (2769,  0, 15, 54), (2785,  0, 35, 54),
   (2821,  0, 15, 54), (2837,  0, 19, 54), (2857,  0, 13, 54), (2871,  0, 19, 54),
   (2891,  0, 47, 54), (2939,  0, 15, 54), (2955,  0, 15, 54), (2971,  0, 15, 54),
   (2987,  0, 15, 54), (3003,  0, 19, 54), (3023,  0, 11, 54), (3035,  0, 19, 54),
   (3055,  0, 28, 54), (3084,  0, 15, 54), (3100,  0, 19, 54), (3120,  0, 15, 54),
   (3136,  0, 24, 54), (3161,  0, 15, 54), (3177,  0, 19, 54), (3197,  0, 19, 54),
   (3217,  0, 19, 54), (3237,  0, 31, 54), (3269,  0, 28, 54), (3298,  0, 15, 54),
   (3314,  0, 15, 54), (3330,  0, 15, 54), (3346,  0, 15, 54), (3362,  0, 15, 54),
   (3378,  0, 19, 54), (3398,  0, 19, 54), (3418,  0, 19, 54), (3438,  0,  8, 54),
   (3447,  0, 19, 54), (3467,  0, 27, 54), (3495,  0, 15, 54), (3511,  0, 19, 54),
   (3531,  0, 22, 54), (3554,  0, 19, 54), (3574,  0, 38, 54), (3613,  0, 15, 54),
   (3629,  0, 15, 54), (3645,  0, 23, 54), (3669,  0, 15, 54), (3685,  0, 19, 54),
   (3705,  0, 13, 54), (3719,  0, 19, 54), (3739,  0, 47, 54), (3787,  0, 15, 54),
   (3803,  0, 15, 54), (3819,  0, 15, 54), (3835,  0, 15, 54), (3851,  0, 19, 54),
   (3871,  0, 11, 54), (3883,  0, 19, 54), (3903,  0, 28, 54), (3932,  0, 15, 54),
   (3948,  0, 19, 54), (3968,  0, 15, 54), (3984,  0, 19, 54), (4004,  0, 15, 54));

Define OffsetList
 ( ( 1, 0), ( 1, 0), ( 0, 0), ( 0, 0), ( 0, 0), ( 0, 0), ( 0, 0), ( 0, 0),
   ( 1, 0), ( 1, 0), ( 0, 0), ( 0, 0), ( 0, 0), ( 2, 0), ( 1, 0), (-1, 0),
   ( 0, 0), ( 1, 0), ( 0, 0), ( 0, 0), ( 1, 0), ( 1, 0), ( 2, 0), ( 0, 0),
   ( 0, 0), ( 0, 0), ( 4, 0), ( 4, 0), ( 3, 0), ( 3, 0), ( 3, 0), ( 2, 0),
   ( 3, 0), ( 3, 0), ( 2, 0), ( 3, 0), ( 3, 0), ( 2, 0), ( 3, 0), ( 4, 0),
   ( 4, 0), ( 1, 0), ( 4, 0), ( 5, 0), ( 3, 0), ( 3, 0), ( 4, 0), ( 3, 0),
   ( 5, 0), ( 3, 0), ( 2, 0), ( 2, 0), ( 1, 0), ( 4, 0), ( 0, 0), ( 2, 0),
   ( 0, 0), ( 0, 0), ( 2, 0), ( 0, 0), ( 0, 0), ( 2, 0), ( 2, 0), ( 0, 0),
   ( 1, 0), ( 0, 0), ( 0, 0), ( 0, 0), ( 1, 0), (-1, 0), ( 1, 0), ( 0, 0),
   ( 0, 0), ( 1, 0), ( 0, 0), ( 0, 0), ( 0, 0), ( 0, 0), ( 0, 0), ( 0, 0),
   ( 2, 0), ( 0, 0), ( 0, 0), ( 2, 0), ( 0, 0), ( 1, 0), ( 1, 0), ( 0, 0),
   ( 1, 0), ( 0, 0), ( 0, 0), ( 1, 0), ( 1, 0), (-1, 0), (11, 0), (-1, 0),
   (11, 0), (-4, 0), (12, 0), (-1, 0), (15, 0), ( 1, 0), ( 1, 0), ( 1, 0),
   (12, 0), (12, 0), (12, 0), (-1, 0), ( 1, 0), ( 1, 0), ( 1, 0), ( 1, 0),
   ( 1, 0), ( 1, 0), (12, 0), (12, 0), (12, 0), ( 3, 0), (12, 0), (-3, 0),
   ( 1, 0), (12, 0), (-3, 0), (12, 0), (-1, 0), ( 1, 0), ( 1, 0), ( 0, 0),
   ( 1, 0), (12, 0), ( 3, 0), (12, 0), (-5, 0), ( 1, 0), ( 1, 0), ( 1, 0),
   ( 1, 0), (12, 0), (-2, 0), (12, 0), (-4, 0), ( 1, 0), (12, 0), ( 2, 0),
   ( 0, 0), ( 1, 0), (12, 0), (12, 0), (12, 0), (-1, 0), ( 4, 0), ( 1, 0),
   ( 1, 0), ( 1, 0), ( 1, 0), ( 1, 0), (12, 0), (12, 0), (12, 0), ( 3, 0),
   (12, 0), (-3, 0), ( 1, 0), (12, 0), (-3, 0), (12, 0), (-1, 0), ( 1, 0),
   ( 1, 0), ( 3, 0), ( 1, 0), (12, 0), ( 3, 0), (12, 0), (-5, 0), ( 1, 0),
   ( 1, 0), ( 1, 0), ( 1, 0), (12, 0), (-2, 0), (12, 0), (-4, 0), ( 1, 0),
   (12, 0), ( 2, 0), ( 2, 0), ( 1, 0));

CreateLayer               Main;
LayerSetImage             Main 'BrianneTod32';
LayerSetAscent            Main 44;
LayerSetCharWidths        Main CharList WidthList;
LayerSetCharWidths        Main (' ') (9);
LayerSetImageMap          Main CharList RectList;
LayerSetCharOffsets       Main CharList OffsetList;
LayerSetAscentPadding     Main 3;
LayerSetLineSpacingOffset Main 3;
LayerSetPointSize         Main 32;

SetDefaultPointSize  32;
