Define CharList
 ( 'A', 'B', 'C', 'D', 'E', 'F', 'G', 'H', 'I', 'J', 'K', 'L', 'M', 'N', 'O', 'P',
   'Q', 'R', 'S', 'T', 'U', 'V', 'W', 'X', 'Y', 'Z', 'a', 'b', 'c', 'd', 'e', 'f',
   'g', 'h', 'i', 'j', 'k', 'l', 'm', 'n', 'o', 'p', 'q', 'r', 's', 't', 'u', 'v',
   'w', 'x', 'y', 'z', '0', '1', '2', '3', '4', '5', '6', '7', '8', '9', '~', '`',
   '!', '@', '#', '$', '%', '^', '&', '*', '(', ')', '-', '_', '=', '+', '[', '{',
   ']', '}', ';', ':',"'", '"', ',', '<', '.', '>', '/', '?', '?', '¡', 'é', '¡',
   'ê', '£', '¤', '¡', 'ì', '?', '?', '?', '¨', '¤', '¨', '¢', '?', '?', '?', '?',
   '?', '?', '¨', '¨', '¨', '¦', '¨', 'º', '?', '¨', '¬', '¨', 'ª', '?', '?', 'D',
   '?', '¨', '°', '¨', '®', '?', '?', '?', '?', '¨', '´', '¨', '²', '?', '¨', '¹',
   'Y', '?', '¨', '¤', '¨', '¢', 'a', '?', '?', '?', '?', '?', '¨', '¨', '¨', '¦',
   '¨', 'º', '?', '¨', '¬', '¨', 'ª', '?', '?', 'e', '?', '¨', '°', '¨', '®', '?',
   '?', '?', '?', '¨', '´', '¨', '²', '?', '¨', '¹', 'y', '?');

Define WidthList
 (  17,  14,  14,  17,  14,  11,  15,  14,   4,   9,  16,  10,  16,  16,  15,  14,
    16,  17,  15,  15,  16,  14,  19,  15,  11,  15,  15,  13,  12,  15,  12,  10,
    14,  12,   3,   8,  15,   9,  15,  14,  13,  12,  15,  15,  13,  13,  14,  13,
    17,  14,  10,  13,  10,   9,  10,  10,  10,  10,  10,  10,  10,  10,  13,   6,
     4,  13,  11,  11,  18,   7,  13,   9,   4,   6,   8,  12,  10,   9,   6,   7,
     8,   7,   5,   5,   4,   7,   4,   6,   5,   6,   9,   8,   8,   4,  21,   4,
    21,  10,  21,   4,  21,   8,   8,   8,  21,  21,  21,  12,   8,   8,   8,   8,
     8,   8,  21,  21,  21,   7,  21,  10,   8,  21,   8,  21,  15,   8,   8,  17,
     8,  21,  21,  21,  17,   8,   8,   8,   8,  21,   4,  21,  10,   8,  21,   9,
    11,   8,  21,  21,  21,  12,  15,   8,   8,   8,   8,   8,  21,  21,  21,   7,
    21,  10,   8,  21,   8,  21,  15,   8,   8,  12,   8,  21,  21,  21,  17,   8,
     8,   8,   8,  21,   4,  21,  10,   8,  21,   9,  10,   8);

Define RectList
 ( (   0,  0, 18, 25), (  19,  0, 14, 25), (  34,  0, 14, 25), (  49,  0, 17, 25),
   (  67,  0, 14, 25), (  82,  0, 12, 25), (  95,  0, 16, 25), ( 112,  0, 14, 25),
   ( 127,  0,  4, 25), ( 132,  0,  9, 25), ( 142,  0, 17, 25), ( 160,  0, 11, 25),
   ( 172,  0, 17, 25), ( 190,  0, 14, 25), ( 205,  0, 15, 25), ( 221,  0, 15, 25),
   ( 237,  0, 19, 25), ( 257,  0, 18, 25), ( 276,  0, 15, 25), ( 292,  0, 16, 25),
   ( 309,  0, 15, 25), ( 325,  0, 14, 25), ( 340,  0, 19, 25), ( 360,  0, 16, 25),
   ( 377,  0, 12, 25), ( 390,  0, 16, 25), ( 407,  0, 14, 25), ( 422,  0, 12, 25),
   ( 435,  0, 12, 25), ( 448,  0, 15, 25), ( 464,  0, 12, 25), ( 477,  0, 10, 25),
   ( 488,  0, 13, 25), ( 502,  0, 11, 25), ( 514,  0,  4, 25), ( 519,  0,  8, 25),
   ( 528,  0, 14, 25), ( 543,  0,  9, 25), ( 553,  0, 14, 25), ( 568,  0, 12, 25),
   ( 581,  0, 12, 25), ( 594,  0, 13, 25), ( 608,  0, 15, 25), ( 624,  0, 14, 25),
   ( 639,  0, 13, 25), ( 653,  0, 13, 25), ( 667,  0, 12, 25), ( 680,  0, 12, 25),
   ( 693,  0, 15, 25), ( 709,  0, 14, 25), ( 724,  0, 10, 25), ( 735,  0, 13, 25),
   ( 749,  0, 10, 25), ( 760,  0,  6, 25), ( 767,  0, 10, 25), ( 778,  0,  8, 25),
   ( 787,  0, 10, 25), ( 798,  0, 10, 25), ( 809,  0,  9, 25), ( 819,  0, 10, 25),
   ( 830,  0, 10, 25), ( 841,  0,  8, 25), ( 850,  0, 11, 25), ( 862,  0,  6, 25),
   ( 869,  0,  4, 25), ( 874,  0, 13, 25), ( 888,  0, 12, 25), ( 901,  0, 12, 25),
   ( 914,  0, 18, 25), ( 933,  0,  9, 25), ( 943,  0, 13, 25), ( 957,  0,  9, 25),
   ( 967,  0,  6, 25), ( 974,  0,  6, 25), ( 981,  0,  8, 25), ( 990,  0, 13, 25),
   (1004,  0, 11, 25), (1016,  0, 10, 25), (1027,  0,  7, 25), (1035,  0,  8, 25),
   (1044,  0,  7, 25), (1052,  0,  8, 25), (1061,  0,  5, 25), (1067,  0,  4, 25),
   (1072,  0,  4, 25), (1077,  0,  7, 25), (1085,  0,  4, 25), (1090,  0,  7, 25),
   (1098,  0,  5, 25), (1104,  0,  6, 25), (1111,  0,  9, 25), (1121,  0,  8, 25),
   (1130,  0,  8, 25), (1139,  0,  6, 25), (1146,  0, 11, 25), (1158,  0,  6, 25),
   (1165,  0, 11, 25), (1177,  0, 15, 25), (1193,  0, 11, 25), (1205,  0,  6, 25),
   (1212,  0,  7, 25), (1220,  0,  8, 25), (1229,  0,  8, 25), (1238,  0,  8, 25),
   (1247,  0,  9, 25), (1257,  0, 11, 25), (1269,  0,  9, 25), (1279,  0, 16, 25),
   (1296,  0,  8, 25), (1305,  0,  8, 25), (1314,  0,  8, 25), (1323,  0,  8, 25),
   (1332,  0,  8, 25), (1341,  0,  8, 25), (1350,  0,  9, 25), (1360,  0,  9, 25),
   (1370,  0,  9, 25), (1380,  0,  5, 25), (1386,  0,  9, 25), (1396,  0, 14, 25),
   (1411,  0,  8, 25), (1420,  0,  9, 25), (1430,  0, 12, 25), (1443,  0,  9, 25),
   (1453,  0, 20, 25), (1474,  0,  8, 25), (1483,  0,  8, 25), (1492,  0, 17, 25),
   (1510,  0,  8, 25), (1519,  0,  9, 25), (1529,  0,  7, 25), (1537,  0,  9, 25),
   (1547,  0, 24, 25), (1572,  0,  8, 25), (1581,  0,  8, 25), (1590,  0,  8, 25),
   (1599,  0,  8, 25), (1608,  0,  9, 25), (1618,  0,  6, 25), (1625,  0,  9, 25),
   (1635,  0, 14, 25), (1650,  0,  8, 25), (1659,  0,  9, 25), (1669,  0,  8, 25),
   (1678,  0, 12, 25), (1691,  0,  8, 25), (1700,  0,  9, 25), (1710,  0, 11, 25),
   (1722,  0,  9, 25), (1732,  0, 16, 25), (1749,  0, 14, 25), (1764,  0,  8, 25),
   (1773,  0,  8, 25), (1782,  0,  8, 25), (1791,  0,  8, 25), (1800,  0,  8, 25),
   (1809,  0,  9, 25), (1819,  0,  9, 25), (1829,  0,  9, 25), (1839,  0,  5, 25),
   (1845,  0,  9, 25), (1855,  0, 14, 25), (1870,  0,  8, 25), (1879,  0,  9, 25),
   (1889,  0, 12, 25), (1902,  0,  9, 25), (1912,  0, 20, 25), (1933,  0,  8, 25),
   (1942,  0,  8, 25), (1951,  0, 12, 25), (1964,  0,  8, 25), (1973,  0,  9, 25),
   (1983,  0,  7, 25), (1991,  0,  9, 25), (2001,  0, 24, 25), (2026,  0,  8, 25),
   (2035,  0,  8, 25), (2044,  0,  8, 25), (2053,  0,  8, 25), (2062,  0,  9, 25),
   (2072,  0,  6, 25), (2079,  0,  9, 25), (2089,  0, 14, 25), (2104,  0,  8, 25),
   (2113,  0,  9, 25), (2123,  0,  8, 25), (2132,  0, 10, 25), (2143,  0,  8, 25));

Define OffsetList
 ( ( 0, 0), ( 0, 0), ( 0, 0), ( 0, 0), ( 0, 0), ( 0, 0), ( 0, 0), ( 0, 0),
   ( 0, 0), ( 0, 0), ( 0, 0), ( 0, 0), ( 0, 0), ( 1, 0), ( 0, 0), (-1, 0),
   ( 0, 0), ( 0, 0), ( 0, 0), ( 0, 0), ( 0, 0), ( 0, 0), ( 0, 0), ( 0, 0),
   ( 0, 0), ( 0, 0), ( 2, 0), ( 1, 0), ( 1, 0), ( 1, 0), ( 1, 0), ( 1, 0),
   ( 1, 0), ( 1, 0), ( 0, 0), ( 1, 0), ( 1, 0), ( 1, 0), ( 1, 0), ( 2, 0),
   ( 1, 0), ( 0, 0), ( 2, 0), ( 2, 0), ( 1, 0), ( 1, 0), ( 2, 0), ( 1, 0),
   ( 2, 0), ( 1, 0), ( 1, 0), ( 1, 0), ( 0, 0), ( 2, 0), ( 0, 0), ( 1, 0),
   ( 0, 0), ( 0, 0), ( 1, 0), ( 0, 0), ( 0, 0), ( 1, 0), ( 1, 0), ( 0, 0),
   ( 0, 0), ( 0, 0), ( 0, 0), ( 0, 0), ( 0, 0), (-1, 0), ( 0, 0), ( 0, 0),
   ( 0, 0), ( 0, 0), ( 0, 0), ( 0, 0), ( 0, 0), ( 0, 0), ( 0, 0), ( 0, 0),
   ( 1, 0), ( 0, 0), ( 0, 0), ( 1, 0), ( 0, 0), ( 0, 0), ( 0, 0), ( 0, 0),
   ( 0, 0), ( 0, 0), ( 0, 0), ( 0, 0), ( 0, 0), (-1, 0), ( 5, 0), (-1, 0),
   ( 5, 0), (-2, 0), ( 5, 0), (-1, 0), ( 7, 0), ( 0, 0), ( 0, 0), ( 0, 0),
   ( 6, 0), ( 5, 0), ( 6, 0), (-1, 0), ( 0, 0), ( 0, 0), ( 0, 0), ( 0, 0),
   ( 0, 0), ( 0, 0), ( 6, 0), ( 6, 0), ( 6, 0), ( 1, 0), ( 6, 0), (-2, 0),
   ( 0, 0), ( 6, 0), (-2, 0), ( 6, 0), (-1, 0), ( 0, 0), ( 0, 0), ( 0, 0),
   ( 0, 0), ( 6, 0), ( 1, 0), ( 6, 0), (-3, 0), ( 0, 0), ( 0, 0), ( 0, 0),
   ( 0, 0), ( 6, 0), (-1, 0), ( 6, 0), (-2, 0), ( 0, 0), ( 6, 0), ( 1, 0),
   ( 0, 0), ( 0, 0), ( 6, 0), ( 5, 0), ( 6, 0), (-1, 0), ( 2, 0), ( 0, 0),
   ( 0, 0), ( 0, 0), ( 0, 0), ( 0, 0), ( 6, 0), ( 6, 0), ( 6, 0), ( 1, 0),
   ( 6, 0), (-2, 0), ( 0, 0), ( 6, 0), (-2, 0), ( 6, 0), (-1, 0), ( 0, 0),
   ( 0, 0), ( 1, 0), ( 0, 0), ( 6, 0), ( 1, 0), ( 6, 0), (-3, 0), ( 0, 0),
   ( 0, 0), ( 0, 0), ( 0, 0), ( 6, 0), (-1, 0), ( 6, 0), (-2, 0), ( 0, 0),
   ( 6, 0), ( 1, 0), ( 1, 0), ( 0, 0));

CreateLayer               Main;
LayerSetImage             Main 'BrianneTod16';
LayerSetAscent            Main 20;
LayerSetCharWidths        Main CharList WidthList;
LayerSetCharWidths        Main (' ') (4);
LayerSetImageMap          Main CharList RectList;
LayerSetCharOffsets       Main CharList OffsetList;
LayerSetAscentPadding     Main 0;
LayerSetLineSpacingOffset Main 0;
LayerSetPointSize         Main 16;

SetDefaultPointSize  16;
